================================================================================
IQN TRAINING RESULTS - 2000 EPOCHS
================================================================================
Generated: 2026-01-20 15:28:31
Model Type: iqn
Epochs: 2000
Number of Agents: 1
================================================================================

Epoch-by-Epoch Results:
--------------------------------------------------------------------------------
Epoch    Total Loss      Reward      
--------------------------------------------------------------------------------
0        0.000000        -53.00      
1        0.223779        -54.00      
2        0.183232        -45.00      
3        0.144772        36.00       
4        0.112143        12.00       
5        0.104001        -55.00      
6        0.223333        18.00       
7        0.173345        -51.00      
8        0.232265        -2.00       
9        0.071433        17.00       
10       0.146501        -52.00      
11       0.057701        -42.00      
12       0.202123        -41.00      
13       0.209170        -26.00      
14       0.126701        -29.00      
15       0.190826        -46.00      
16       0.185703        -51.00      
17       0.058909        -39.00      
18       0.146553        -47.00      
19       0.139292        -52.00      
20       0.122769        -30.00      
21       0.041378        -56.00      
22       0.032958        66.00       
23       0.135824        81.00       
24       0.366908        49.00       
25       0.177595        130.00      
26       0.292596        140.00      
27       0.529959        77.00       
28       0.419421        120.00      
29       0.643431        79.00       
30       0.416359        50.00       
31       0.791038        50.00       
32       0.793706        90.00       
33       0.433007        100.00      
34       0.697944        50.00       
35       0.862083        40.00       
36       0.504202        40.00       
37       0.153879        40.00       
38       0.486238        60.00       
39       1.023305        70.00       
40       0.434564        80.00       
41       0.903709        70.00       
42       0.372547        20.00       
43       0.244296        40.00       
44       0.318093        70.00       
45       0.467891        20.00       
46       0.173055        50.00       
47       0.354560        80.00       
48       0.833070        90.00       
49       0.392524        30.00       
50       0.412126        20.00       
51       0.370971        30.00       
52       0.358833        70.00       
53       0.379378        20.00       
54       0.323378        30.00       
55       0.274415        60.00       
56       0.449516        60.00       
57       0.074180        80.00       
58       0.321854        40.00       
59       0.423004        40.00       
60       0.420241        40.00       
61       0.459239        30.00       
62       0.365905        80.00       
63       0.260772        40.00       
64       0.179362        70.00       
65       0.304836        120.00      
66       0.140274        20.00       
67       0.711525        110.00      
68       0.464752        30.00       
69       0.353792        60.00       
70       0.387020        50.00       
71       0.604569        40.00       
72       0.433095        68.00       
73       0.423735        70.00       
74       0.328452        40.00       
75       0.482765        20.00       
76       0.723553        20.00       
77       0.185757        17.00       
78       0.590497        56.00       
79       0.740245        70.00       
80       0.184342        28.00       
81       0.282409        80.00       
82       0.307440        57.00       
83       0.376251        50.00       
84       0.544137        40.00       
85       0.133135        40.00       
86       0.422879        50.00       
87       0.682112        110.00      
88       0.425654        30.00       
89       0.358250        40.00       
90       0.221494        80.00       
91       0.157360        10.00       
92       0.164159        40.00       
93       0.435027        50.00       
94       0.398505        70.00       
95       0.525784        50.00       
96       0.531766        60.00       
97       0.203287        80.00       
98       0.463020        70.00       
99       0.073003        70.00       
100      0.635163        30.00       
101      0.131126        60.00       
102      0.404348        110.00      
103      0.455823        40.00       
104      0.505350        90.00       
105      0.460011        60.00       
106      0.546546        40.00       
107      0.353545        90.00       
108      0.804216        80.00       
109      0.491775        100.00      
110      0.286573        50.00       
111      0.397206        80.00       
112      0.225907        80.00       
113      0.410382        90.00       
114      0.277996        80.00       
115      0.509599        70.00       
116      0.420848        40.00       
117      0.578712        70.00       
118      0.874135        15.00       
119      0.533170        100.00      
120      0.989919        110.00      
121      0.333517        80.00       
122      0.365985        79.00       
123      0.423984        25.00       
124      0.901951        85.00       
125      0.525993        26.00       
126      0.288650        60.00       
127      0.547761        50.00       
128      0.380976        49.00       
129      0.565844        80.00       
130      0.229863        100.00      
131      0.579615        70.00       
132      0.433879        30.00       
133      0.435149        80.00       
134      0.312667        90.00       
135      0.264369        50.00       
136      0.538772        70.00       
137      0.360169        70.00       
138      0.860073        50.00       
139      0.419727        80.00       
140      0.527210        110.00      
141      0.242118        80.00       
142      0.615954        100.00      
143      0.244834        68.00       
144      0.951673        40.00       
145      0.680799        90.00       
146      0.684491        100.00      
147      1.057734        50.00       
148      0.586011        50.00       
149      0.318776        70.00       
150      0.549165        70.00       
151      0.447670        90.00       
152      0.659477        40.00       
153      0.183752        65.00       
154      0.484904        100.00      
155      0.666223        60.00       
156      0.775383        50.00       
157      0.152290        59.00       
158      0.510777        47.00       
159      0.673427        76.00       
160      0.510936        50.00       
161      0.570426        40.00       
162      0.365381        50.00       
163      0.322112        110.00      
164      0.342404        90.00       
165      0.690351        70.00       
166      0.410816        65.00       
167      0.586390        70.00       
168      0.652006        27.00       
169      0.493352        95.00       
170      0.624177        45.00       
171      0.344647        55.00       
172      0.293951        38.00       
173      0.271244        68.00       
174      0.256669        -11.00      
175      0.343308        60.00       
176      0.493083        60.00       
177      0.464393        40.00       
178      0.371342        90.00       
179      0.484867        70.00       
180      0.361412        64.00       
181      0.724511        29.00       
182      0.223168        46.00       
183      0.419755        -3.00       
184      0.220984        10.00       
185      0.427436        14.00       
186      0.215926        32.00       
187      0.368657        27.00       
188      0.221187        44.00       
189      0.283461        33.00       
190      0.476394        14.00       
191      0.389756        60.00       
192      0.146607        50.00       
193      0.316281        40.00       
194      0.149335        30.00       
195      0.229163        90.00       
196      0.510221        40.00       
197      0.185398        40.00       
198      0.359557        100.00      
199      0.316306        70.00       
200      0.502464        70.00       
201      0.524045        60.00       
202      0.247667        90.00       
203      0.569809        70.00       
204      0.467172        20.00       
205      0.551459        110.00      
206      0.455544        70.00       
207      0.747570        90.00       
208      0.791782        70.00       
209      0.628051        100.00      
210      0.926240        80.00       
211      0.765422        40.00       
212      0.714592        29.00       
213      0.575815        60.00       
214      0.747521        60.00       
215      0.489452        30.00       
216      0.645097        50.00       
217      0.478897        30.00       
218      0.579600        20.00       
219      0.487093        27.00       
220      0.448757        10.00       
221      0.435465        18.00       
222      0.590683        20.00       
223      0.476863        38.00       
224      0.360155        10.00       
225      0.376623        10.00       
226      0.571186        10.00       
227      0.525878        40.00       
228      0.426634        50.00       
229      0.431222        19.00       
230      0.485681        80.00       
231      0.538976        80.00       
232      0.330702        40.00       
233      0.394520        90.00       
234      0.393516        110.00      
235      0.467091        60.00       
236      0.548836        100.00      
237      0.480933        70.00       
238      0.396637        90.00       
239      0.273134        53.00       
240      0.554869        30.00       
241      0.831585        80.00       
242      0.589685        36.00       
243      0.445702        60.00       
244      0.750269        60.00       
245      0.730439        70.00       
246      0.512817        60.00       
247      0.642186        60.00       
248      0.655014        50.00       
249      0.431628        70.00       
250      0.415717        20.00       
251      0.415352        10.00       
252      0.443269        40.00       
253      0.546376        60.00       
254      0.575985        130.00      
255      0.334894        47.00       
256      0.477044        50.00       
257      0.412025        60.00       
258      0.427131        80.00       
259      0.691181        50.00       
260      0.331304        60.00       
261      0.590995        70.00       
262      0.415107        50.00       
263      0.309738        80.00       
264      0.246283        10.00       
265      0.471399        60.00       
266      0.509796        60.00       
267      0.547175        50.00       
268      0.590399        90.00       
269      0.781747        150.00      
270      0.676566        70.00       
271      0.719557        70.00       
272      0.665567        100.00      
273      0.615182        110.00      
274      0.590582        50.00       
275      0.543396        70.00       
276      0.493642        70.00       
277      0.686868        60.00       
278      0.385508        80.00       
279      0.448781        90.00       
280      0.682442        50.00       
281      0.559961        60.00       
282      0.545948        45.00       
283      0.585141        40.00       
284      0.748731        50.00       
285      1.007611        60.00       
286      0.605818        80.00       
287      0.593327        50.00       
288      0.643013        50.00       
289      0.457311        60.00       
290      0.494923        40.00       
291      0.436807        130.00      
292      0.485118        59.00       
293      0.537113        21.00       
294      0.502992        90.00       
295      0.499580        55.00       
296      0.657218        33.00       
297      0.656427        9.00        
298      0.849906        79.00       
299      0.390979        43.00       
300      0.474218        90.00       
301      0.473927        90.00       
302      0.384895        60.00       
303      0.793077        30.00       
304      0.539624        50.00       
305      0.361470        70.00       
306      0.391027        60.00       
307      0.489515        100.00      
308      0.643963        90.00       
309      0.565060        60.00       
310      0.758848        49.00       
311      0.605589        45.00       
312      0.894908        50.00       
313      0.400932        30.00       
314      0.453446        50.00       
315      0.795640        100.00      
316      0.501262        90.00       
317      0.403201        70.00       
318      0.421656        90.00       
319      0.456700        120.00      
320      0.436518        60.00       
321      0.461477        60.00       
322      0.634937        60.00       
323      0.311924        50.00       
324      0.601954        50.00       
325      0.404165        80.00       
326      0.577795        60.00       
327      0.433851        60.00       
328      0.503778        20.00       
329      0.601917        40.00       
330      0.503006        70.00       
331      0.664433        110.00      
332      0.612249        30.00       
333      0.489343        90.00       
334      0.535039        70.00       
335      0.500204        60.00       
336      0.496090        80.00       
337      0.783067        90.00       
338      0.576855        80.00       
339      0.403909        60.00       
340      0.747716        40.00       
341      0.445906        50.00       
342      0.505303        54.00       
343      0.418005        70.00       
344      0.678200        80.00       
345      0.645812        40.00       
346      0.602897        60.00       
347      0.500960        80.00       
348      0.667516        70.00       
349      0.460808        50.00       
350      0.421428        40.00       
351      0.753975        100.00      
352      0.524852        50.00       
353      0.492189        80.00       
354      0.532537        60.00       
355      0.674570        30.00       
356      0.379576        29.00       
357      0.481240        110.00      
358      0.516888        30.00       
359      0.348185        90.00       
360      0.664428        60.00       
361      0.526431        60.00       
362      0.548750        30.00       
363      0.644221        80.00       
364      0.510151        20.00       
365      0.434113        80.00       
366      0.497174        60.00       
367      0.361257        80.00       
368      0.445437        30.00       
369      0.428450        0.00        
370      0.398213        40.00       
371      0.426923        20.00       
372      0.430112        39.00       
373      0.443320        50.00       
374      0.405245        50.00       
375      0.379535        60.00       
376      0.292269        60.00       
377      0.510284        40.00       
378      0.457851        50.00       
379      0.461987        20.00       
380      0.314326        60.00       
381      0.340452        60.00       
382      0.252671        80.00       
383      0.328013        50.00       
384      0.442335        70.00       
385      0.471336        50.00       
386      0.525879        60.00       
387      0.607883        60.00       
388      0.417118        100.00      
389      0.572322        70.00       
390      0.400945        80.00       
391      0.454807        90.00       
392      0.537748        70.00       
393      0.444451        70.00       
394      0.527472        50.00       
395      0.644023        20.00       
396      0.679400        50.00       
397      0.435692        60.00       
398      0.693232        40.00       
399      0.430116        90.00       
400      0.703656        70.00       
401      0.734625        90.00       
402      0.771918        60.00       
403      0.674965        90.00       
404      0.737436        30.00       
405      0.761467        80.00       
406      0.916796        80.00       
407      0.721944        90.00       
408      0.777684        50.00       
409      0.825535        100.00      
410      0.670628        40.00       
411      0.773765        70.00       
412      0.780862        80.00       
413      0.872253        60.00       
414      0.756205        60.00       
415      0.656717        70.00       
416      0.611186        110.00      
417      0.636621        60.00       
418      0.743932        80.00       
419      0.896191        60.00       
420      0.756048        60.00       
421      0.804741        80.00       
422      0.627512        60.00       
423      0.831699        90.00       
424      0.804712        50.00       
425      0.730676        100.00      
426      0.573872        40.00       
427      0.778636        50.00       
428      0.761458        70.00       
429      0.802519        50.00       
430      1.010054        100.00      
431      0.892850        40.00       
432      0.660223        90.00       
433      0.725741        40.00       
434      0.955431        70.00       
435      0.844936        90.00       
436      0.720196        60.00       
437      0.652545        20.00       
438      0.829587        30.00       
439      0.714787        100.00      
440      0.755705        50.00       
441      0.619842        70.00       
442      0.650646        70.00       
443      0.756600        70.00       
444      0.577227        100.00      
445      0.597457        85.00       
446      0.811811        40.00       
447      0.765271        80.00       
448      0.908742        40.00       
449      0.735951        60.00       
450      0.609906        30.00       
451      0.594826        30.00       
452      0.743485        60.00       
453      0.624704        80.00       
454      0.739624        90.00       
455      0.704110        80.00       
456      0.751296        80.00       
457      0.619117        50.00       
458      0.651583        60.00       
459      0.689625        60.00       
460      0.672098        70.00       
461      0.630054        100.00      
462      0.645078        90.00       
463      0.709428        70.00       
464      0.607148        50.00       
465      0.604954        70.00       
466      0.834405        70.00       
467      0.856242        120.00      
468      0.705915        80.00       
469      0.605126        50.00       
470      0.790527        60.00       
471      0.728205        60.00       
472      0.768418        30.00       
473      0.739342        90.00       
474      0.699908        100.00      
475      0.660070        60.00       
476      0.621314        80.00       
477      0.979290        50.00       
478      0.743815        80.00       
479      0.697374        50.00       
480      0.743546        60.00       
481      0.737674        60.00       
482      0.610341        90.00       
483      0.666482        80.00       
484      0.593170        50.00       
485      0.571819        50.00       
486      0.697672        130.00      
487      0.682132        70.00       
488      0.623847        70.00       
489      0.823277        110.00      
490      0.668202        60.00       
491      0.803634        60.00       
492      0.770034        70.00       
493      0.562352        90.00       
494      0.656136        50.00       
495      0.773178        30.00       
496      0.628980        80.00       
497      0.727410        50.00       
498      0.649328        50.00       
499      0.709628        70.00       
500      0.616535        50.00       
501      0.619610        70.00       
502      0.657182        80.00       
503      0.626958        80.00       
504      0.651888        60.00       
505      0.687647        30.00       
506      0.649230        100.00      
507      0.592179        60.00       
508      0.591572        60.00       
509      0.500100        50.00       
510      0.707730        30.00       
511      0.783547        100.00      
512      0.650351        80.00       
513      0.798851        70.00       
514      0.658893        80.00       
515      0.693265        60.00       
516      0.645882        70.00       
517      0.822945        120.00      
518      0.641058        100.00      
519      0.539477        30.00       
520      0.712146        70.00       
521      0.851614        40.00       
522      0.725554        90.00       
523      0.660958        60.00       
524      0.687818        60.00       
525      0.777189        50.00       
526      0.643183        20.00       
527      0.668063        30.00       
528      0.629668        80.00       
529      0.607720        60.00       
530      0.702692        80.00       
531      0.721342        60.00       
532      0.701971        60.00       
533      0.681381        60.00       
534      0.678495        50.00       
535      0.525810        60.00       
536      0.657423        60.00       
537      0.709358        70.00       
538      0.593545        50.00       
539      0.548002        50.00       
540      0.638848        50.00       
541      0.658481        100.00      
542      0.642715        70.00       
543      0.662219        80.00       
544      0.608954        70.00       
545      0.622960        60.00       
546      0.537823        80.00       
547      0.627689        50.00       
548      0.484763        110.00      
549      0.537483        70.00       
550      0.704047        100.00      
551      0.694422        50.00       
552      0.701528        60.00       
553      0.589180        50.00       
554      0.548885        40.00       
555      0.679938        70.00       
556      0.694952        100.00      
557      0.686320        80.00       
558      0.632575        40.00       
559      0.641700        80.00       
560      0.768822        110.00      
561      0.647985        80.00       
562      0.596484        80.00       
563      0.676353        100.00      
564      0.659123        90.00       
565      0.693579        70.00       
566      0.579191        70.00       
567      0.683987        70.00       
568      0.657656        70.00       
569      0.640793        80.00       
570      0.592956        70.00       
571      0.554802        100.00      
572      0.718662        80.00       
573      0.529692        60.00       
574      0.545703        70.00       
575      0.531893        90.00       
576      0.587568        70.00       
577      0.825850        90.00       
578      0.586149        70.00       
579      0.632024        80.00       
580      0.611670        120.00      
581      0.572491        10.00       
582      0.702186        50.00       
583      0.649581        90.00       
584      0.486415        40.00       
585      0.565235        50.00       
586      0.672619        140.00      
587      0.553825        90.00       
588      0.576451        70.00       
589      0.646942        60.00       
590      0.556141        100.00      
591      0.634354        60.00       
592      0.523727        20.00       
593      0.599045        110.00      
594      0.598078        30.00       
595      0.522991        100.00      
596      0.576785        70.00       
597      0.550010        130.00      
598      0.563145        60.00       
599      0.786516        100.00      
600      0.835251        40.00       
601      0.960498        70.00       
602      0.703499        70.00       
603      0.776115        70.00       
604      0.766295        80.00       
605      0.853709        110.00      
606      0.684149        60.00       
607      0.759993        70.00       
608      0.896891        70.00       
609      0.901950        50.00       
610      0.790649        90.00       
611      0.701857        30.00       
612      0.769846        90.00       
613      0.732424        40.00       
614      0.784236        70.00       
615      0.765902        60.00       
616      0.652920        80.00       
617      0.765288        60.00       
618      0.803387        50.00       
619      0.721916        80.00       
620      0.813731        120.00      
621      0.827255        110.00      
622      0.834684        120.00      
623      0.823142        80.00       
624      0.858300        60.00       
625      0.743653        30.00       
626      0.951839        50.00       
627      0.656722        100.00      
628      0.794126        40.00       
629      0.765511        70.00       
630      0.759177        50.00       
631      0.728542        80.00       
632      0.852031        60.00       
633      0.829867        100.00      
634      0.779707        30.00       
635      0.780177        80.00       
636      0.871867        70.00       
637      0.778197        120.00      
638      0.712129        40.00       
639      0.738513        90.00       
640      0.787759        90.00       
641      0.839062        40.00       
642      0.772930        90.00       
643      0.676800        60.00       
644      0.734767        110.00      
645      0.749491        40.00       
646      0.948472        80.00       
647      0.685484        50.00       
648      0.806466        70.00       
649      0.839823        40.00       
650      0.780757        90.00       
651      0.704678        20.00       
652      0.703198        30.00       
653      0.748278        90.00       
654      0.708660        60.00       
655      0.650006        50.00       
656      0.697423        70.00       
657      0.726485        70.00       
658      0.729149        40.00       
659      0.743674        70.00       
660      0.782300        30.00       
661      0.688391        90.00       
662      0.730383        80.00       
663      0.745588        100.00      
664      0.788395        10.00       
665      0.682636        80.00       
666      0.775480        100.00      
667      0.770891        70.00       
668      0.745754        70.00       
669      0.659099        70.00       
670      0.744758        40.00       
671      0.702335        60.00       
672      0.519731        70.00       
673      0.718445        40.00       
674      0.680958        60.00       
675      0.753224        50.00       
676      0.748368        110.00      
677      0.700040        90.00       
678      0.710947        30.00       
679      0.829621        90.00       
680      0.665750        20.00       
681      0.710014        50.00       
682      0.691849        80.00       
683      0.798462        70.00       
684      0.758377        40.00       
685      0.836124        80.00       
686      0.665644        80.00       
687      0.634547        60.00       
688      0.739886        90.00       
689      0.786022        60.00       
690      0.774055        160.00      
691      0.620640        60.00       
692      0.845156        120.00      
693      0.778580        100.00      
694      0.738266        100.00      
695      0.791132        70.00       
696      0.684288        70.00       
697      0.771027        60.00       
698      0.674316        120.00      
699      0.807923        60.00       
700      0.814479        10.00       
701      0.846728        110.00      
702      0.825846        50.00       
703      0.706799        70.00       
704      0.700758        90.00       
705      0.749395        70.00       
706      0.702856        30.00       
707      0.756891        70.00       
708      0.684400        30.00       
709      0.698313        10.00       
710      0.717229        50.00       
711      0.600707        90.00       
712      0.718606        50.00       
713      0.630336        70.00       
714      0.625594        40.00       
715      0.617287        110.00      
716      0.782766        110.00      
717      0.716281        80.00       
718      0.686035        80.00       
719      0.772882        50.00       
720      0.726736        120.00      
721      0.668653        90.00       
722      0.570861        60.00       
723      0.594910        60.00       
724      0.654189        90.00       
725      0.831490        110.00      
726      0.752691        60.00       
727      0.669528        40.00       
728      0.671717        100.00      
729      0.706907        70.00       
730      0.768424        110.00      
731      0.717496        20.00       
732      0.836680        90.00       
733      0.640423        110.00      
734      0.782845        70.00       
735      0.848748        100.00      
736      0.667761        130.00      
737      0.680341        80.00       
738      0.740749        90.00       
739      0.698847        90.00       
740      0.709239        60.00       
741      0.704967        40.00       
742      0.745656        70.00       
743      0.808704        50.00       
744      0.758329        80.00       
745      0.712213        150.00      
746      0.791123        40.00       
747      0.671912        140.00      
748      0.753327        40.00       
749      0.747564        90.00       
750      0.810702        90.00       
751      0.757884        60.00       
752      0.746798        60.00       
753      0.711965        50.00       
754      0.748634        70.00       
755      0.703382        40.00       
756      0.752950        70.00       
757      0.745467        80.00       
758      0.926064        80.00       
759      0.730570        50.00       
760      0.709886        90.00       
761      0.860996        80.00       
762      0.678154        70.00       
763      0.580554        60.00       
764      0.761160        60.00       
765      0.613852        60.00       
766      0.643495        70.00       
767      0.733764        90.00       
768      0.858998        110.00      
769      0.819202        10.00       
770      0.773726        70.00       
771      0.692447        100.00      
772      0.722806        60.00       
773      0.678489        40.00       
774      0.710993        100.00      
775      0.664466        60.00       
776      0.712005        20.00       
777      0.689026        90.00       
778      0.686569        40.00       
779      0.622951        110.00      
780      0.626097        100.00      
781      0.754488        60.00       
782      0.689977        40.00       
783      0.593932        70.00       
784      0.667241        60.00       
785      0.623117        40.00       
786      0.632972        90.00       
787      0.657448        80.00       
788      0.553472        110.00      
789      0.549285        60.00       
790      0.678459        90.00       
791      0.654093        110.00      
792      0.731846        60.00       
793      0.679808        90.00       
794      0.639381        70.00       
795      0.635108        90.00       
796      0.693978        10.00       
797      0.607033        110.00      
798      0.690496        40.00       
799      0.711552        80.00       
800      0.869625        60.00       
801      0.804549        30.00       
802      0.724384        100.00      
803      0.843463        30.00       
804      0.774322        80.00       
805      0.784005        80.00       
806      0.779893        50.00       
807      0.991617        50.00       
808      0.739040        70.00       
809      0.718266        50.00       
810      0.690807        20.00       
811      0.715845        80.00       
812      0.803503        100.00      
813      0.689464        80.00       
814      0.776760        40.00       
815      0.858240        70.00       
816      0.844941        80.00       
817      0.852025        40.00       
818      0.725737        50.00       
819      0.711212        90.00       
820      0.680907        110.00      
821      0.755186        70.00       
822      0.890655        50.00       
823      0.881726        60.00       
824      0.733898        70.00       
825      0.766300        100.00      
826      0.736962        60.00       
827      0.789249        50.00       
828      0.857604        50.00       
829      0.724348        20.00       
830      0.873075        50.00       
831      0.735810        50.00       
832      0.706319        70.00       
833      0.734583        110.00      
834      0.743765        50.00       
835      0.651812        80.00       
836      0.852233        60.00       
837      0.774553        50.00       
838      0.728934        60.00       
839      0.818615        70.00       
840      0.915076        100.00      
841      0.869661        80.00       
842      0.731238        70.00       
843      1.046881        60.00       
844      1.075117        60.00       
845      0.741695        50.00       
846      0.807059        90.00       
847      0.905035        90.00       
848      0.805420        60.00       
849      0.850750        110.00      
850      0.809795        70.00       
851      0.860283        100.00      
852      0.886186        100.00      
853      0.860917        20.00       
854      0.942323        50.00       
855      0.892691        70.00       
856      0.874617        50.00       
857      0.929532        50.00       
858      0.732721        40.00       
859      0.778840        60.00       
860      0.943951        90.00       
861      0.944189        50.00       
862      0.792651        50.00       
863      0.750417        70.00       
864      0.841277        50.00       
865      0.650245        80.00       
866      0.728361        50.00       
867      0.822094        80.00       
868      0.967563        70.00       
869      0.836108        60.00       
870      0.826538        100.00      
871      0.787957        80.00       
872      0.768078        20.00       
873      0.758427        70.00       
874      0.707456        50.00       
875      0.900245        80.00       
876      0.917083        80.00       
877      0.909507        110.00      
878      0.767770        80.00       
879      0.749176        40.00       
880      0.807503        80.00       
881      0.858109        100.00      
882      0.864806        80.00       
883      0.972191        40.00       
884      0.842848        90.00       
885      0.794505        60.00       
886      0.782387        50.00       
887      0.834648        30.00       
888      0.765613        70.00       
889      0.864585        70.00       
890      0.788735        50.00       
891      0.744899        70.00       
892      0.771032        70.00       
893      0.949406        90.00       
894      0.766831        30.00       
895      0.948933        60.00       
896      0.791423        80.00       
897      0.831479        80.00       
898      0.817140        80.00       
899      0.772740        60.00       
900      0.693545        100.00      
901      0.818969        60.00       
902      0.725812        50.00       
903      0.714147        50.00       
904      0.786563        10.00       
905      0.849444        50.00       
906      0.634247        90.00       
907      0.891178        60.00       
908      0.750419        40.00       
909      0.761209        100.00      
910      0.744005        50.00       
911      0.821453        100.00      
912      0.743573        10.00       
913      0.691759        80.00       
914      0.821842        100.00      
915      0.789147        60.00       
916      0.779924        90.00       
917      0.767061        80.00       
918      0.704101        70.00       
919      0.728214        80.00       
920      0.738975        90.00       
921      0.786425        60.00       
922      0.655726        110.00      
923      0.728448        100.00      
924      0.734825        50.00       
925      0.747748        20.00       
926      0.872448        80.00       
927      0.642659        50.00       
928      0.663195        70.00       
929      0.767905        40.00       
930      0.687431        100.00      
931      0.712554        120.00      
932      0.953434        40.00       
933      0.888384        80.00       
934      0.847714        60.00       
935      0.757016        50.00       
936      0.881456        50.00       
937      0.797343        80.00       
938      0.825695        60.00       
939      0.720287        60.00       
940      0.772983        50.00       
941      0.879715        46.00       
942      0.647484        34.00       
943      0.803556        50.00       
944      0.905311        100.00      
945      0.806775        60.00       
946      0.696677        30.00       
947      0.728252        100.00      
948      0.750964        60.00       
949      0.741257        30.00       
950      0.708287        50.00       
951      0.744256        118.00      
952      0.729932        70.00       
953      0.800980        40.00       
954      0.799637        90.00       
955      0.789720        150.00      
956      0.738058        100.00      
957      0.845806        50.00       
958      0.775227        70.00       
959      0.856107        130.00      
960      0.843775        30.00       
961      0.775038        90.00       
962      0.895391        50.00       
963      0.896753        140.00      
964      0.705911        80.00       
965      0.931795        60.00       
966      0.848703        0.00        
967      0.800126        50.00       
968      0.821184        80.00       
969      0.765538        70.00       
970      0.803851        80.00       
971      0.818053        60.00       
972      0.876916        80.00       
973      0.711498        30.00       
974      0.814008        70.00       
975      0.987022        80.00       
976      0.753682        90.00       
977      0.728947        80.00       
978      0.786645        70.00       
979      0.767251        60.00       
980      0.843817        60.00       
981      0.958508        30.00       
982      0.734629        70.00       
983      0.793790        70.00       
984      0.737201        50.00       
985      0.781664        80.00       
986      0.873616        70.00       
987      0.704394        40.00       
988      0.790412        50.00       
989      0.706406        50.00       
990      0.766085        80.00       
991      0.862929        80.00       
992      0.868496        100.00      
993      0.858032        70.00       
994      0.738177        110.00      
995      0.872694        90.00       
996      0.817347        40.00       
997      0.741989        70.00       
998      0.787690        90.00       
999      0.878897        100.00      
1000     1.147416        70.00       
1001     1.023380        20.00       
1002     1.003301        110.00      
1003     1.069900        60.00       
1004     0.999637        120.00      
1005     0.945190        60.00       
1006     1.104303        90.00       
1007     1.121206        50.00       
1008     1.190422        80.00       
1009     1.161782        60.00       
1010     0.925478        60.00       
1011     1.107211        110.00      
1012     1.080671        60.00       
1013     1.053316        50.00       
1014     1.212815        40.00       
1015     0.911134        90.00       
1016     0.979946        100.00      
1017     1.022637        30.00       
1018     1.060561        80.00       
1019     1.243337        60.00       
1020     1.120217        80.00       
1021     0.901799        60.00       
1022     0.975740        70.00       
1023     0.968983        50.00       
1024     0.939681        80.00       
1025     0.957201        120.00      
1026     1.003571        120.00      
1027     1.130777        50.00       
1028     1.004255        80.00       
1029     1.159849        90.00       
1030     0.981127        40.00       
1031     1.039937        90.00       
1032     1.139542        60.00       
1033     1.141533        130.00      
1034     1.185447        90.00       
1035     1.079081        120.00      
1036     1.078294        70.00       
1037     0.995035        70.00       
1038     1.211594        140.00      
1039     1.100156        80.00       
1040     1.194658        10.00       
1041     1.224823        100.00      
1042     1.129030        30.00       
1043     1.042454        70.00       
1044     0.957652        50.00       
1045     0.991583        70.00       
1046     0.966734        160.00      
1047     1.040442        50.00       
1048     1.050637        140.00      
1049     0.920904        70.00       
1050     1.188416        100.00      
1051     1.040955        90.00       
1052     1.186447        60.00       
1053     0.973124        120.00      
1054     1.043884        50.00       
1055     1.092285        60.00       
1056     1.089827        40.00       
1057     1.013120        80.00       
1058     0.990533        110.00      
1059     1.141124        80.00       
1060     1.188215        100.00      
1061     1.222569        120.00      
1062     1.183823        80.00       
1063     1.048867        60.00       
1064     0.873859        70.00       
1065     1.261936        50.00       
1066     0.886173        70.00       
1067     1.047937        110.00      
1068     1.111358        60.00       
1069     1.235242        120.00      
1070     1.099663        100.00      
1071     1.182769        90.00       
1072     1.035056        60.00       
1073     1.061159        80.00       
1074     1.068167        40.00       
1075     1.057544        60.00       
1076     1.041232        40.00       
1077     0.983422        100.00      
1078     0.955666        60.00       
1079     1.190823        60.00       
1080     1.092636        80.00       
1081     1.076282        40.00       
1082     1.017648        40.00       
1083     1.157061        70.00       
1084     0.946085        70.00       
1085     1.054607        90.00       
1086     1.008037        80.00       
1087     1.196217        10.00       
1088     1.139879        110.00      
1089     0.990025        100.00      
1090     0.980202        80.00       
1091     1.062817        100.00      
1092     1.200952        120.00      
1093     0.958611        100.00      
1094     0.984928        120.00      
1095     1.067455        50.00       
1096     1.083345        50.00       
1097     0.840204        40.00       
1098     1.068094        80.00       
1099     1.020740        70.00       
1100     1.269821        60.00       
1101     1.118170        100.00      
1102     1.064340        80.00       
1103     1.013082        50.00       
1104     0.925192        100.00      
1105     1.037871        40.00       
1106     1.138301        110.00      
1107     1.131212        70.00       
1108     0.939113        60.00       
1109     1.092555        60.00       
1110     0.929028        20.00       
1111     1.081225        120.00      
1112     0.957356        60.00       
1113     1.048151        100.00      
1114     1.003813        50.00       
1115     1.113124        120.00      
1116     1.007794        90.00       
1117     0.983157        80.00       
1118     0.970698        110.00      
1119     0.877551        40.00       
1120     1.334857        120.00      
1121     1.036700        110.00      
1122     1.074441        20.00       
1123     0.883315        20.00       
1124     1.071115        50.00       
1125     1.104496        100.00      
1126     0.988929        80.00       
1127     0.946693        70.00       
1128     0.953455        90.00       
1129     1.152253        50.00       
1130     0.941278        100.00      
1131     0.917391        100.00      
1132     0.975889        80.00       
1133     1.001859        50.00       
1134     0.979150        80.00       
1135     0.903612        80.00       
1136     1.105702        70.00       
1137     0.975422        80.00       
1138     0.938901        90.00       
1139     1.143312        90.00       
1140     0.965919        100.00      
1141     1.164969        110.00      
1142     0.894778        80.00       
1143     0.960111        110.00      
1144     1.117969        90.00       
1145     1.101392        30.00       
1146     1.104438        140.00      
1147     0.938255        70.00       
1148     1.018945        70.00       
1149     1.092560        90.00       
1150     0.902172        80.00       
1151     0.951673        100.00      
1152     1.124555        120.00      
1153     0.890256        60.00       
1154     0.978921        50.00       
1155     1.066838        70.00       
1156     1.230052        110.00      
1157     0.982087        90.00       
1158     1.099598        80.00       
1159     0.990494        80.00       
1160     1.035872        70.00       
1161     1.043844        70.00       
1162     1.062737        100.00      
1163     1.040185        140.00      
1164     1.051332        20.00       
1165     1.382935        50.00       
1166     1.231578        80.00       
1167     1.095048        110.00      
1168     1.049093        120.00      
1169     1.071152        60.00       
1170     1.270964        90.00       
1171     1.148983        50.00       
1172     1.159787        90.00       
1173     1.085155        60.00       
1174     1.146939        50.00       
1175     1.125293        70.00       
1176     1.244999        90.00       
1177     1.008550        80.00       
1178     1.051464        40.00       
1179     1.058011        70.00       
1180     1.077402        90.00       
1181     1.081386        60.00       
1182     1.235054        50.00       
1183     1.070424        100.00      
1184     0.899928        80.00       
1185     0.987454        60.00       
1186     1.219283        70.00       
1187     1.098117        50.00       
1188     1.216177        110.00      
1189     1.052482        90.00       
1190     1.103261        50.00       
1191     1.050605        60.00       
1192     1.316574        70.00       
1193     1.114332        60.00       
1194     1.109677        80.00       
1195     1.029696        60.00       
1196     0.901576        60.00       
1197     1.024466        70.00       
1198     1.122587        70.00       
1199     1.082596        40.00       
1200     1.163041        30.00       
1201     1.248301        90.00       
1202     1.239953        70.00       
1203     1.079761        80.00       
1204     0.900439        50.00       
1205     1.182581        70.00       
1206     1.076583        60.00       
1207     1.102077        90.00       
1208     1.107817        70.00       
1209     1.149205        60.00       
1210     1.154169        60.00       
1211     1.197049        110.00      
1212     1.096910        110.00      
1213     1.351642        30.00       
1214     1.248006        30.00       
1215     1.215700        60.00       
1216     1.054427        40.00       
1217     1.161791        110.00      
1218     1.235223        60.00       
1219     1.295285        80.00       
1220     1.109190        40.00       
1221     1.140986        50.00       
1222     1.214753        60.00       
1223     1.063368        80.00       
1224     1.176697        100.00      
1225     1.180511        50.00       
1226     1.301783        70.00       
1227     1.038114        80.00       
1228     1.168391        100.00      
1229     1.298275        50.00       
1230     1.203099        150.00      
1231     1.197432        60.00       
1232     1.147296        70.00       
1233     1.235283        60.00       
1234     1.152490        100.00      
1235     1.108896        110.00      
1236     1.173367        50.00       
1237     1.321140        60.00       
1238     1.176915        110.00      
1239     1.057114        120.00      
1240     1.095131        120.00      
1241     1.258908        80.00       
1242     1.185284        110.00      
1243     1.141431        40.00       
1244     1.229764        60.00       
1245     1.273454        60.00       
1246     1.256898        90.00       
1247     1.093990        70.00       
1248     1.138475        50.00       
1249     1.023058        70.00       
1250     1.348179        100.00      
1251     1.016102        50.00       
1252     1.171282        120.00      
1253     1.067122        90.00       
1254     1.117392        50.00       
1255     1.070185        80.00       
1256     1.010627        30.00       
1257     1.280184        60.00       
1258     1.004442        90.00       
1259     1.169971        100.00      
1260     1.376904        30.00       
1261     1.132656        50.00       
1262     1.125222        70.00       
1263     1.095322        60.00       
1264     1.305495        60.00       
1265     1.085218        60.00       
1266     1.113629        80.00       
1267     1.066262        110.00      
1268     1.215113        50.00       
1269     1.024110        110.00      
1270     1.127464        60.00       
1271     1.106597        70.00       
1272     1.040706        80.00       
1273     1.096579        50.00       
1274     1.173952        10.00       
1275     1.230258        100.00      
1276     1.225859        80.00       
1277     1.293047        60.00       
1278     1.206601        80.00       
1279     1.022425        90.00       
1280     1.450703        40.00       
1281     1.045114        50.00       
1282     1.349232        100.00      
1283     1.056695        80.00       
1284     1.183655        30.00       
1285     1.157155        120.00      
1286     1.241471        60.00       
1287     1.071561        110.00      
1288     1.287384        130.00      
1289     1.276462        100.00      
1290     1.185736        60.00       
1291     1.253379        90.00       
1292     1.278073        70.00       
1293     1.071721        30.00       
1294     1.139156        50.00       
1295     1.203517        60.00       
1296     1.175622        70.00       
1297     1.135732        40.00       
1298     1.197061        90.00       
1299     1.377999        110.00      
1300     1.135787        40.00       
1301     1.124672        130.00      
1302     1.211540        80.00       
1303     1.238898        60.00       
1304     1.170645        70.00       
1305     1.152138        50.00       
1306     1.003949        80.00       
1307     1.246580        80.00       
1308     1.117039        40.00       
1309     1.149800        70.00       
1310     1.100649        90.00       
1311     1.303419        60.00       
1312     1.212835        100.00      
1313     1.010644        30.00       
1314     1.219740        40.00       
1315     1.115681        70.00       
1316     1.306050        60.00       
1317     1.349619        30.00       
1318     1.149775        40.00       
1319     1.223065        120.00      
1320     1.305643        70.00       
1321     1.400710        50.00       
1322     1.000941        90.00       
1323     1.148781        90.00       
1324     1.090521        50.00       
1325     1.383986        120.00      
1326     1.034001        80.00       
1327     1.338756        60.00       
1328     1.267457        130.00      
1329     1.186325        20.00       
1330     1.243626        100.00      
1331     1.313048        70.00       
1332     1.111098        80.00       
1333     1.191925        80.00       
1334     1.251277        50.00       
1335     1.005926        90.00       
1336     1.119560        70.00       
1337     1.189846        20.00       
1338     1.143005        40.00       
1339     1.135523        50.00       
1340     0.992646        80.00       
1341     1.190645        50.00       
1342     1.074600        60.00       
1343     1.082662        100.00      
1344     1.041021        80.00       
1345     1.237421        70.00       
1346     1.086707        90.00       
1347     1.220162        110.00      
1348     1.222203        80.00       
1349     1.215544        90.00       
1350     1.064655        40.00       
1351     1.225692        90.00       
1352     1.275380        70.00       
1353     1.189895        20.00       
1354     1.162449        60.00       
1355     1.172908        40.00       
1356     1.131396        80.00       
1357     1.332046        40.00       
1358     1.046638        50.00       
1359     1.200654        80.00       
1360     1.181213        70.00       
1361     1.324626        50.00       
1362     1.204856        20.00       
1363     0.972746        50.00       
1364     1.099913        30.00       
1365     1.049618        20.00       
1366     1.272361        80.00       
1367     1.106211        130.00      
1368     1.081981        120.00      
1369     1.210630        60.00       
1370     0.994638        80.00       
1371     1.039776        50.00       
1372     1.207832        40.00       
1373     1.160617        80.00       
1374     1.071399        90.00       
1375     1.230421        80.00       
1376     1.189044        120.00      
1377     1.061765        40.00       
1378     1.147406        100.00      
1379     1.198038        70.00       
1380     1.103309        90.00       
1381     1.152520        60.00       
1382     1.144979        100.00      
1383     1.208178        50.00       
1384     1.480040        80.00       
1385     0.971088        150.00      
1386     1.272882        100.00      
1387     1.203074        110.00      
1388     1.085227        80.00       
1389     1.176846        70.00       
1390     1.403707        40.00       
1391     1.252341        60.00       
1392     1.346534        120.00      
1393     1.228093        70.00       
1394     1.099778        80.00       
1395     1.113886        30.00       
1396     1.307279        60.00       
1397     1.257801        70.00       
1398     1.367899        70.00       
1399     1.147744        70.00       
1400     1.435469        90.00       
1401     1.292469        10.00       
1402     1.331066        50.00       
1403     1.402547        80.00       
1404     1.525219        60.00       
1405     1.355738        70.00       
1406     1.354525        80.00       
1407     1.426157        40.00       
1408     1.469703        80.00       
1409     1.360459        80.00       
1410     1.434105        120.00      
1411     1.366200        80.00       
1412     1.392023        90.00       
1413     1.301522        90.00       
1414     1.281545        120.00      
1415     1.275670        40.00       
1416     1.411498        120.00      
1417     1.319007        90.00       
1418     1.522861        80.00       
1419     1.409563        60.00       
1420     1.321096        40.00       
1421     1.279196        60.00       
1422     1.349790        70.00       
1423     1.410828        60.00       
1424     1.356721        110.00      
1425     1.329657        70.00       
1426     1.329897        60.00       
1427     1.480606        80.00       
1428     1.409139        100.00      
1429     1.304302        90.00       
1430     1.213803        90.00       
1431     1.349214        30.00       
1432     1.534771        80.00       
1433     1.231283        60.00       
1434     1.398136        70.00       
1435     1.327662        60.00       
1436     1.394720        130.00      
1437     1.344304        70.00       
1438     1.134536        40.00       
1439     1.538116        70.00       
1440     1.317518        110.00      
1441     1.521980        80.00       
1442     1.371030        70.00       
1443     1.496316        90.00       
1444     1.508516        90.00       
1445     1.524433        80.00       
1446     1.456478        90.00       
1447     1.462526        130.00      
1448     1.369203        90.00       
1449     1.626529        80.00       
1450     1.420350        110.00      
1451     1.636617        60.00       
1452     1.544476        80.00       
1453     1.520794        90.00       
1454     1.430680        70.00       
1455     1.448344        80.00       
1456     1.488464        60.00       
1457     1.343573        30.00       
1458     1.539979        50.00       
1459     1.395601        70.00       
1460     1.403784        50.00       
1461     1.679560        60.00       
1462     1.257114        70.00       
1463     1.586030        60.00       
1464     1.387853        60.00       
1465     1.387322        30.00       
1466     1.408379        90.00       
1467     1.566325        60.00       
1468     1.396274        40.00       
1469     1.331976        100.00      
1470     1.492335        60.00       
1471     1.359361        90.00       
1472     1.473028        110.00      
1473     1.238254        120.00      
1474     1.478972        30.00       
1475     1.274679        100.00      
1476     1.400017        100.00      
1477     1.472852        50.00       
1478     1.278390        80.00       
1479     1.245147        70.00       
1480     1.223091        140.00      
1481     1.472142        100.00      
1482     1.475888        130.00      
1483     1.224973        40.00       
1484     1.420399        100.00      
1485     1.413126        80.00       
1486     1.289750        100.00      
1487     1.630813        70.00       
1488     1.184855        50.00       
1489     1.299245        70.00       
1490     1.135581        30.00       
1491     1.338611        90.00       
1492     1.418295        60.00       
1493     1.566784        60.00       
1494     1.426426        50.00       
1495     1.250622        40.00       
1496     1.250612        130.00      
1497     1.582533        100.00      
1498     1.535784        80.00       
1499     1.230416        80.00       
1500     1.379331        80.00       
1501     1.307219        50.00       
1502     1.372364        110.00      
1503     1.389662        60.00       
1504     1.380468        110.00      
1505     1.572700        40.00       
1506     1.269217        100.00      
1507     1.586206        90.00       
1508     1.547089        100.00      
1509     1.310623        70.00       
1510     1.444923        70.00       
1511     1.586095        60.00       
1512     1.516948        100.00      
1513     1.432851        130.00      
1514     1.383865        90.00       
1515     1.735810        80.00       
1516     1.443447        70.00       
1517     1.506600        100.00      
1518     1.460558        120.00      
1519     1.375330        60.00       
1520     1.475930        40.00       
1521     1.516311        40.00       
1522     1.410467        70.00       
1523     1.418830        40.00       
1524     1.492799        90.00       
1525     1.575763        50.00       
1526     1.598265        70.00       
1527     1.379858        110.00      
1528     1.396566        90.00       
1529     1.450526        60.00       
1530     1.388068        60.00       
1531     1.333300        90.00       
1532     1.377223        80.00       
1533     1.305643        90.00       
1534     1.388716        60.00       
1535     1.497206        50.00       
1536     1.531921        60.00       
1537     1.381918        50.00       
1538     1.318097        50.00       
1539     1.287133        80.00       
1540     1.340833        40.00       
1541     1.535145        70.00       
1542     1.394349        60.00       
1543     1.341022        30.00       
1544     1.457063        100.00      
1545     1.332449        80.00       
1546     1.470024        60.00       
1547     1.426733        80.00       
1548     1.268923        50.00       
1549     1.459638        130.00      
1550     1.502404        120.00      
1551     1.447304        60.00       
1552     1.387361        60.00       
1553     1.295138        60.00       
1554     1.441034        100.00      
1555     1.481237        110.00      
1556     1.399834        30.00       
1557     1.543095        80.00       
1558     1.237231        40.00       
1559     1.337738        60.00       
1560     1.221930        60.00       
1561     1.365550        40.00       
1562     1.239358        90.00       
1563     1.310886        40.00       
1564     1.323462        60.00       
1565     1.424796        60.00       
1566     1.261266        70.00       
1567     1.366893        70.00       
1568     1.236445        110.00      
1569     1.235060        60.00       
1570     1.399723        110.00      
1571     1.363428        70.00       
1572     1.310962        80.00       
1573     1.360076        60.00       
1574     1.321595        70.00       
1575     1.458330        90.00       
1576     1.290651        70.00       
1577     1.305117        50.00       
1578     1.357218        70.00       
1579     1.273489        70.00       
1580     1.203666        70.00       
1581     1.393234        80.00       
1582     1.378668        50.00       
1583     1.165672        80.00       
1584     1.456102        70.00       
1585     1.479373        80.00       
1586     1.361375        100.00      
1587     1.314984        80.00       
1588     1.298164        90.00       
1589     1.350166        100.00      
1590     1.321973        90.00       
1591     1.338284        30.00       
1592     1.278800        70.00       
1593     1.328368        80.00       
1594     1.276996        100.00      
1595     1.395885        70.00       
1596     1.420471        80.00       
1597     1.440076        40.00       
1598     1.337316        90.00       
1599     1.372282        60.00       
1600     1.536485        60.00       
1601     1.406093        80.00       
1602     1.582270        60.00       
1603     1.464454        90.00       
1604     1.488822        80.00       
1605     1.444387        70.00       
1606     1.592048        50.00       
1607     1.645388        60.00       
1608     1.409240        60.00       
1609     1.479228        60.00       
1610     1.522177        50.00       
1611     1.526607        30.00       
1612     1.417932        40.00       
1613     1.554579        60.00       
1614     1.304949        110.00      
1615     1.365377        60.00       
1616     1.600253        70.00       
1617     1.641473        70.00       
1618     1.468495        80.00       
1619     1.462026        40.00       
1620     1.334299        70.00       
1621     1.407362        50.00       
1622     1.467863        120.00      
1623     1.669548        100.00      
1624     1.484224        90.00       
1625     1.500774        150.00      
1626     1.642950        50.00       
1627     1.498426        50.00       
1628     1.621915        70.00       
1629     1.453913        100.00      
1630     1.411410        80.00       
1631     1.426301        140.00      
1632     1.496302        70.00       
1633     1.566979        70.00       
1634     1.673032        80.00       
1635     1.515724        90.00       
1636     1.744859        20.00       
1637     1.773131        50.00       
1638     1.527560        80.00       
1639     1.633836        70.00       
1640     1.477489        50.00       
1641     1.650713        30.00       
1642     1.598552        60.00       
1643     1.472589        30.00       
1644     1.564021        70.00       
1645     1.642798        20.00       
1646     1.483974        60.00       
1647     1.575527        20.00       
1648     1.479243        70.00       
1649     1.494800        49.00       
1650     1.530000        30.00       
1651     1.574682        30.00       
1652     1.761930        40.00       
1653     1.662807        30.00       
1654     1.704266        90.00       
1655     1.597827        80.00       
1656     1.619840        120.00      
1657     1.682689        40.00       
1658     1.602361        70.00       
1659     1.777837        20.00       
1660     1.738200        70.00       
1661     1.719600        60.00       
1662     1.614627        90.00       
1663     1.619742        80.00       
1664     1.516199        60.00       
1665     1.498396        70.00       
1666     1.658943        110.00      
1667     1.567852        70.00       
1668     1.518304        110.00      
1669     1.684564        60.00       
1670     1.679466        70.00       
1671     1.668335        50.00       
1672     1.591174        60.00       
1673     1.439655        70.00       
1674     1.611657        60.00       
1675     1.693052        70.00       
1676     1.554411        70.00       
1677     1.567599        70.00       
1678     1.619554        70.00       
1679     1.473714        80.00       
1680     1.530960        50.00       
1681     1.416313        130.00      
1682     1.765648        90.00       
1683     1.496514        90.00       
1684     1.527988        90.00       
1685     1.374276        80.00       
1686     1.521038        50.00       
1687     1.728570        100.00      
1688     1.464597        100.00      
1689     1.392642        100.00      
1690     1.609625        90.00       
1691     1.490588        90.00       
1692     1.569255        100.00      
1693     1.679067        60.00       
1694     1.514232        60.00       
1695     1.570192        110.00      
1696     1.436794        70.00       
1697     1.512015        60.00       
1698     1.482676        80.00       
1699     1.466162        50.00       
1700     1.536592        40.00       
1701     1.569522        60.00       
1702     1.748745        40.00       
1703     1.689072        80.00       
1704     1.609758        50.00       
1705     1.437258        60.00       
1706     1.485550        50.00       
1707     1.492168        120.00      
1708     1.482843        60.00       
1709     1.485660        80.00       
1710     1.535442        100.00      
1711     1.584496        80.00       
1712     1.696098        100.00      
1713     1.396814        80.00       
1714     1.565394        80.00       
1715     1.680334        110.00      
1716     1.442959        60.00       
1717     1.667585        70.00       
1718     1.543537        70.00       
1719     1.800859        80.00       
1720     1.593226        110.00      
1721     1.413542        120.00      
1722     1.497951        40.00       
1723     1.573479        110.00      
1724     1.763293        60.00       
1725     1.592818        80.00       
1726     1.553491        70.00       
1727     1.538073        90.00       
1728     1.714501        60.00       
1729     1.529259        50.00       
1730     1.511393        120.00      
1731     1.499967        60.00       
1732     1.515634        70.00       
1733     1.580826        70.00       
1734     1.523162        140.00      
1735     1.497017        40.00       
1736     1.605579        110.00      
1737     1.606673        120.00      
1738     1.510373        70.00       
1739     1.543787        30.00       
1740     1.480453        50.00       
1741     1.546165        70.00       
1742     1.648903        70.00       
1743     1.586217        80.00       
1744     1.711002        70.00       
1745     1.638867        100.00      
1746     1.792863        40.00       
1747     1.665401        80.00       
1748     1.823267        70.00       
1749     1.646021        130.00      
1750     1.741571        60.00       
1751     1.694652        70.00       
1752     1.628399        70.00       
1753     1.521649        80.00       
1754     1.607035        90.00       
1755     1.654525        70.00       
1756     1.702986        60.00       
1757     1.611868        60.00       
1758     1.617170        60.00       
1759     1.581055        60.00       
1760     1.595795        130.00      
1761     1.502344        90.00       
1762     1.564219        50.00       
1763     1.548409        120.00      
1764     1.813040        70.00       
1765     1.698530        50.00       
1766     1.611019        50.00       
1767     1.888341        60.00       
1768     1.744486        90.00       
1769     1.721774        60.00       
1770     1.528055        60.00       
1771     1.748615        90.00       
1772     1.678493        40.00       
1773     1.603316        70.00       
1774     1.640806        60.00       
1775     1.627837        120.00      
1776     1.555802        90.00       
1777     1.730470        90.00       
1778     1.756393        90.00       
1779     1.669870        90.00       
1780     1.442119        70.00       
1781     1.530263        40.00       
1782     1.516638        70.00       
1783     1.517225        50.00       
1784     1.518736        90.00       
1785     1.585707        100.00      
1786     1.750656        120.00      
1787     1.505199        80.00       
1788     1.628734        60.00       
1789     1.712677        80.00       
1790     1.540144        70.00       
1791     1.554682        80.00       
1792     1.610613        50.00       
1793     1.380230        50.00       
1794     1.711678        70.00       
1795     1.483509        60.00       
1796     1.728665        50.00       
1797     1.431130        130.00      
1798     1.882193        80.00       
1799     1.465145        80.00       
1800     1.605492        120.00      
1801     1.719657        70.00       
1802     1.622624        110.00      
1803     1.580326        50.00       
1804     1.534090        90.00       
1805     1.745417        100.00      
1806     1.627777        100.00      
1807     1.543967        70.00       
1808     1.653707        100.00      
1809     1.779833        60.00       
1810     1.597926        40.00       
1811     1.608131        70.00       
1812     1.545082        90.00       
1813     1.513749        60.00       
1814     1.683469        60.00       
1815     1.780167        70.00       
1816     1.691327        110.00      
1817     1.633749        40.00       
1818     1.729146        30.00       
1819     1.671457        100.00      
1820     1.692349        60.00       
1821     1.461452        40.00       
1822     1.554581        80.00       
1823     1.616061        70.00       
1824     1.538486        50.00       
1825     1.672348        60.00       
1826     1.619512        50.00       
1827     1.752399        70.00       
1828     1.683708        70.00       
1829     1.730260        80.00       
1830     1.621696        50.00       
1831     1.573246        70.00       
1832     1.626158        80.00       
1833     1.520010        100.00      
1834     1.597745        70.00       
1835     1.658384        90.00       
1836     1.646101        70.00       
1837     1.758194        70.00       
1838     1.560398        20.00       
1839     1.466731        80.00       
1840     1.797964        110.00      
1841     1.587076        80.00       
1842     1.658157        70.00       
1843     1.731461        130.00      
1844     1.612811        60.00       
1845     1.520031        70.00       
1846     1.555186        20.00       
1847     1.644413        70.00       
1848     1.611172        30.00       
1849     1.525320        60.00       
1850     1.540626        80.00       
1851     1.618831        80.00       
1852     1.681435        80.00       
1853     1.731269        50.00       
1854     1.716968        20.00       
1855     1.736121        80.00       
1856     1.541855        90.00       
1857     1.607044        70.00       
1858     1.691951        90.00       
1859     1.836377        60.00       
1860     1.633975        50.00       
1861     1.738002        110.00      
1862     1.674768        70.00       
1863     1.724874        30.00       
1864     1.839969        80.00       
1865     1.634863        70.00       
1866     1.612709        80.00       
1867     1.730137        120.00      
1868     1.722860        90.00       
1869     1.675588        110.00      
1870     1.801917        70.00       
1871     2.007424        40.00       
1872     1.619223        10.00       
1873     1.896175        60.00       
1874     1.871530        50.00       
1875     1.675032        100.00      
1876     1.795821        20.00       
1877     1.729001        80.00       
1878     1.630209        50.00       
1879     1.526818        60.00       
1880     1.737791        30.00       
1881     1.712711        100.00      
1882     1.701768        40.00       
1883     1.686040        40.00       
1884     1.841526        60.00       
1885     1.638223        -4.00       
1886     1.579476        50.00       
1887     1.667348        20.00       
1888     1.572090        100.00      
1889     1.730441        30.00       
1890     1.774371        50.00       
1891     1.864663        60.00       
1892     1.826900        40.00       
1893     1.724270        120.00      
1894     1.678343        90.00       
1895     1.594374        100.00      
1896     1.661993        40.00       
1897     1.802329        70.00       
1898     1.641513        40.00       
1899     1.561084        50.00       
1900     1.702911        60.00       
1901     1.645301        90.00       
1902     1.652851        60.00       
1903     1.645694        70.00       
1904     1.610565        60.00       
1905     1.650064        40.00       
1906     1.548588        60.00       
1907     1.818762        40.00       
1908     1.599901        60.00       
1909     1.706878        70.00       
1910     1.632462        30.00       
1911     1.657646        80.00       
1912     1.768166        50.00       
1913     1.551895        20.00       
1914     1.492193        60.00       
1915     1.625867        50.00       
1916     1.534728        40.00       
1917     1.681502        0.00        
1918     1.674640        30.00       
1919     1.685520        60.00       
1920     1.624927        40.00       
1921     1.526852        60.00       
1922     1.564148        70.00       
1923     1.536299        80.00       
1924     1.853277        59.00       
1925     1.665411        90.00       
1926     1.652050        30.00       
1927     1.691277        60.00       
1928     1.624855        100.00      
1929     1.719255        20.00       
1930     1.557671        110.00      
1931     1.556278        40.00       
1932     1.823126        40.00       
1933     1.620453        60.00       
1934     1.664063        80.00       
1935     1.791380        100.00      
1936     1.760705        20.00       
1937     1.629768        70.00       
1938     1.729439        60.00       
1939     1.705905        90.00       
1940     1.710647        50.00       
1941     1.725728        60.00       
1942     1.790650        60.00       
1943     1.730367        50.00       
1944     1.707641        70.00       
1945     1.621142        90.00       
1946     1.534577        100.00      
1947     1.595793        110.00      
1948     1.652585        60.00       
1949     1.688016        40.00       
1950     1.665954        140.00      
1951     1.480038        80.00       
1952     1.627943        80.00       
1953     1.519515        60.00       
1954     1.596319        100.00      
1955     1.665568        120.00      
1956     1.661087        60.00       
1957     1.819319        100.00      
1958     1.696213        100.00      
1959     1.730637        80.00       
1960     1.664490        90.00       
1961     1.728751        90.00       
1962     1.484339        110.00      
1963     1.545757        40.00       
1964     1.656969        40.00       
1965     1.668003        70.00       
1966     1.709530        70.00       
1967     1.767931        80.00       
1968     1.786898        70.00       
1969     1.544539        70.00       
1970     1.641519        80.00       
1971     1.626993        60.00       
1972     1.646603        60.00       
1973     1.735623        50.00       
1974     1.599885        80.00       
1975     1.555462        100.00      
1976     1.604215        70.00       
1977     1.538556        70.00       
1978     1.729109        60.00       
1979     1.752130        50.00       
1980     1.670900        20.00       
1981     1.737796        50.00       
1982     1.555738        60.00       
1983     1.703496        80.00       
1984     1.630194        100.00      
1985     1.531250        90.00       
1986     1.681586        90.00       
1987     1.618555        70.00       
1988     1.687516        40.00       
1989     1.775720        70.00       
1990     1.649390        70.00       
1991     1.622656        60.00       
1992     1.661522        70.00       
1993     1.847425        10.00       
1994     1.694598        40.00       
1995     1.885625        10.00       
1996     1.665199        100.00      
1997     1.551545        50.00       
1998     1.780724        60.00       
1999     1.736766        30.00       

================================================================================
STATISTICS
================================================================================

Total Loss Statistics:
  Mean: 1.001335
  Std:  0.434923
  Min:  0.000000
  Max:  2.007424

Reward Statistics:
  Mean: 67.97
  Std:  28.60
  Min:  -56.00
  Max:  160.00
