================================================================================
CPC TRAINING RESULTS - 500 EPOCHS, CPC START AT EPOCH 10
================================================================================
Generated: 2026-01-20 14:52:23
Epochs: 500
CPC Start Epoch: 10
CPC Memory Bank Size: 4
Number of Agents: 1
================================================================================

Epoch-by-Epoch Results:
--------------------------------------------------------------------------------
Epoch    Total Loss      CPC Loss        Reward       Mem Bank  
--------------------------------------------------------------------------------
0        366.109390      0.000000        1627.00      0/4       
1        780.899536      0.000000        3520.00      0/4       
2        416.360352      0.000000        2399.00      0/4       
3        952.794708      0.000000        2792.00      0/4       
4        319.478645      0.000000        2382.00      0/4       
5        88.959908       0.000000        1272.00      0/4       
6        364.502724      0.000000        3577.00      0/4       
7        343.755791      0.000000        3612.00      0/4       
8        154.236633      0.000000        1526.00      0/4       
9        90.316071       0.000000        1907.00      0/4       
10       145.644955      0.000000        2354.00      0/4       
11       366.194199      35.380836       3347.00      1/4       
12       354.984497      38.205894       3114.00      2/4       
13       176.491474      39.353340       2929.00      3/4       
14       97.361652       39.696064       1399.00      4/4       
15       104.813185      41.545155       893.00       4/4       
16       177.554256      48.427223       1310.00      4/4       
17       407.137291      47.425213       4017.00      4/4       
18       212.836868      42.753887       4043.00      4/4       
19       179.939728      40.460651       2521.00      4/4       
20       60.074804       37.837414       1439.00      4/4       
21       63.380497       37.052765       660.00       4/4       
22       63.915358       37.983810       1498.00      4/4       
23       89.451406       36.255543       1829.00      4/4       
24       275.932800      35.400291       2185.00      4/4       
25       61.766331       35.394157       337.00       4/4       
26       330.491760      28.241409       3176.00      4/4       
27       322.271965      25.765892       2926.00      4/4       
28       136.316597      24.485378       2473.00      4/4       
29       115.976501      23.290003       1754.00      4/4       
30       143.730690      25.146448       2388.00      4/4       
31       385.341957      27.143471       2651.00      4/4       
32       192.254040      25.629566       2453.00      4/4       
33       256.700535      25.592863       2213.00      4/4       
34       192.512791      27.787374       2750.00      4/4       
35       346.393456      23.315575       1608.00      4/4       
36       60.407178       22.457222       1002.00      4/4       
37       102.235113      25.686953       1648.00      4/4       
38       416.540512      25.371437       1890.00      4/4       
39       301.734581      23.740788       1924.00      4/4       
40       49.317400       22.428852       569.00       4/4       
41       49.651679       21.331911       1662.00      4/4       
42       699.475571      19.911037       4380.00      4/4       
43       461.845711      21.883808       3339.00      4/4       
44       153.430260      22.265717       2013.00      4/4       
45       159.639919      20.628117       2579.00      4/4       
46       171.556702      20.184784       2454.00      4/4       
47       139.837265      19.411297       2096.00      4/4       
48       153.353008      17.485344       1825.00      4/4       
49       206.051121      16.591190       2068.00      4/4       
50       357.034019      17.128380       1674.00      4/4       
51       499.714714      16.640528       3959.00      4/4       
52       325.992836      17.780849       3681.00      4/4       
53       448.999954      18.198656       4070.00      4/4       
54       282.219902      15.680248       1913.00      4/4       
55       225.814903      15.013538       2926.00      4/4       
56       146.908466      16.221144       1430.00      4/4       
57       161.496407      13.524555       2525.00      4/4       
58       236.884159      13.744155       2472.00      4/4       
59       110.494513      13.698119       1711.00      4/4       
60       292.469406      14.428574       3722.00      4/4       
61       177.521687      13.744778       146.00       4/4       
62       192.463051      13.574162       1985.00      4/4       
63       297.911346      12.598967       1871.00      4/4       
64       250.872906      12.774401       3320.00      4/4       
65       66.782896       11.077975       1408.00      4/4       
66       64.690141       11.229634       1686.00      4/4       
67       82.308195       10.411705       1399.00      4/4       
68       37.398997       14.265008       1450.00      4/4       
69       123.820312      15.638299       981.00       4/4       
70       119.927980      16.601667       529.00       4/4       
71       132.295832      18.847803       1057.00      4/4       
72       92.579758       19.864040       951.00       4/4       
73       115.624493      15.159504       340.00       4/4       
74       202.876690      14.686238       2049.00      4/4       
75       117.663578      14.763438       436.00       4/4       
76       105.512295      14.901873       896.00       4/4       
77       176.491695      14.914062       2613.00      4/4       
78       111.144329      16.496069       1933.00      4/4       
79       121.727707      21.614021       2071.00      4/4       
80       80.488611       22.065966       1743.00      4/4       
81       120.733465      24.180336       2404.00      4/4       
82       159.677425      24.616947       2297.00      4/4       
83       99.189882       23.386183       1142.00      4/4       
84       344.456055      17.133743       4120.00      4/4       
85       57.451098       20.711353       1885.00      4/4       
86       708.032135      18.195133       5240.00      4/4       
87       177.283676      18.038801       1834.00      4/4       
88       586.550964      18.530760       3576.00      4/4       
89       216.764671      21.016838       2386.00      4/4       
90       116.371622      19.632298       1083.00      4/4       
91       220.691788      19.674320       2966.00      4/4       
92       111.696634      18.069670       1718.00      4/4       
93       73.858505       16.251734       1763.00      4/4       
94       795.543121      11.628356       5440.00      4/4       
95       119.277206      10.545152       1511.00      4/4       
96       98.743774       10.534596       2199.00      4/4       
97       250.510460      11.929293       2978.00      4/4       
98       150.372704      13.049018       2359.00      4/4       
99       175.461681      13.574164       2835.00      4/4       
100      211.787895      12.493879       2602.00      4/4       
101      150.674801      12.980865       2697.00      4/4       
102      377.973892      11.463573       2955.00      4/4       
103      88.207870       10.419316       2109.00      4/4       
104      372.936333      11.183500       2761.00      4/4       
105      455.531311      11.573402       3092.00      4/4       
106      103.975452      10.811694       1035.00      4/4       
107      100.840145      13.166594       263.00       4/4       
108      318.380928      13.402053       3265.00      4/4       
109      140.055244      18.200312       2297.00      4/4       
110      169.271236      20.393833       2058.00      4/4       
111      150.646561      23.070702       1301.00      4/4       
112      146.672661      20.544308       1102.00      4/4       
113      209.719234      19.172184       1221.00      4/4       
114      97.642750       15.530153       1357.00      4/4       
115      197.914021      14.923008       -195.00      4/4       
116      183.739052      13.870547       1866.00      4/4       
117      82.088152       12.551137       736.00       4/4       
118      64.674945       12.686517       1567.00      4/4       
119      180.898060      11.486804       100.00       4/4       
120      121.954906      11.102901       604.00       4/4       
121      88.683636       11.283753       499.00       4/4       
122      147.718628      12.228901       1223.00      4/4       
123      53.441031       19.745098       554.00       4/4       
124      146.601105      21.233305       1859.00      4/4       
125      357.386307      18.375376       3452.00      4/4       
126      151.752853      15.245686       2252.00      4/4       
127      311.114456      13.312383       1739.00      4/4       
128      325.790291      11.217203       3983.00      4/4       
129      97.501495       11.891277       2014.00      4/4       
130      99.487309       18.384642       969.00       4/4       
131      251.490208      19.043205       2030.00      4/4       
132      83.367199       20.273796       1179.00      4/4       
133      42.183272       20.420769       1068.00      4/4       
134      284.699806      19.244247       2173.00      4/4       
135      118.356514      13.040759       1326.00      4/4       
136      78.101295       13.968392       634.00       4/4       
137      185.838131      13.114101       186.00       4/4       
138      109.149837      12.072968       1959.00      4/4       
139      205.644104      11.507837       -114.00      4/4       
140      347.615128      10.274574       2770.00      4/4       
141      273.932884      9.681719        1899.00      4/4       
142      169.937916      8.313859        2040.00      4/4       
143      120.905031      8.818639        161.00       4/4       
144      185.023506      9.674067        2612.00      4/4       
145      81.394958       10.593751       1124.00      4/4       
146      145.570278      9.888489        1963.00      4/4       
147      208.226742      10.056616       1640.00      4/4       
148      210.807640      11.403664       2367.00      4/4       
149      506.098389      11.553895       3995.00      4/4       
150      295.206131      11.836466       3190.00      4/4       
151      334.614929      11.759673       2719.00      4/4       
152      229.829365      12.148062       2710.00      4/4       
153      219.236244      10.042206       2419.00      4/4       
154      145.785141      8.962606        1727.00      4/4       
155      158.558762      9.905415        1598.00      4/4       
156      250.149128      11.643313       -304.00      4/4       
157      296.088440      12.144426       -698.00      4/4       
158      291.162422      11.254288       -823.00      4/4       
159      221.801762      10.032472       2545.00      4/4       
160      187.034092      10.306266       1030.00      4/4       
161      215.689175      10.719378       406.00       4/4       
162      339.191826      9.604860        -721.00      4/4       
163      321.901665      10.195935       -286.00      4/4       
164      222.728416      13.819880       455.00       4/4       
165      239.006828      13.980532       -43.00       4/4       
166      326.744568      16.205681       -77.00       4/4       
167      227.270733      16.256886       327.00       4/4       
168      140.807915      18.483120       293.00       4/4       
169      282.200989      20.004093       525.00       4/4       
170      283.256775      17.478031       -503.00      4/4       
171      165.642456      14.344775       -321.00      4/4       
172      232.468460      12.592227       -304.00      4/4       
173      152.358181      14.234699       547.00       4/4       
174      228.310661      11.750388       1985.00      4/4       
175      178.079411      12.465020       -690.00      4/4       
176      192.594639      11.124152       -901.00      4/4       
177      304.524216      11.679370       -1105.00     4/4       
178      120.217567      9.004507        98.00        4/4       
179      174.542595      15.598969       211.00       4/4       
180      84.768553       18.196001       -51.00       4/4       
181      108.099878      18.227219       524.00       4/4       
182      247.667240      18.373789       974.00       4/4       
183      187.854839      17.370211       6.00         4/4       
184      182.304050      19.614201       1615.00      4/4       
185      129.894609      15.798914       422.00       4/4       
186      149.736496      11.727308       -516.00      4/4       
187      219.575321      8.546742        -579.00      4/4       
188      169.349926      9.687558        -1049.00     4/4       
189      129.490755      11.198658       767.00       4/4       
190      133.563709      13.344251       1993.00      4/4       
191      82.124758       14.676103       1580.00      4/4       
192      176.168266      15.404823       -274.00      4/4       
193      104.865324      14.863532       364.00       4/4       
194      94.327379       12.316046       345.00       4/4       
195      93.700764       9.975110        511.00       4/4       
196      170.675362      9.447060        1879.00      4/4       
197      82.715662       10.754891       496.00       4/4       
198      70.297844       13.200290       -433.00      4/4       
199      86.106991       14.717716       -36.00       4/4       
200      82.610931       14.880065       1396.00      4/4       
201      77.530109       15.992952       1076.00      4/4       
202      116.158947      15.396853       2231.00      4/4       
203      428.386765      14.497168       2595.00      4/4       
204      270.732239      16.318266       3320.00      4/4       
205      155.105064      18.014614       1524.00      4/4       
206      258.191616      21.373657       1974.00      4/4       
207      107.529448      21.747969       1730.00      4/4       
208      137.971462      22.342205       1371.00      4/4       
209      91.349268       20.749159       927.00       4/4       
210      152.764442      20.688622       2470.00      4/4       
211      429.003525      14.890586       3447.00      4/4       
212      95.898819       13.751407       1558.00      4/4       
213      208.120197      13.292537       2542.00      4/4       
214      187.485916      12.546752       2967.00      4/4       
215      70.937515       10.862329       1260.00      4/4       
216      341.873817      10.595531       3920.00      4/4       
217      276.965836      11.868291       2783.00      4/4       
218      264.329330      11.960249       3216.00      4/4       
219      212.224163      11.536732       2722.00      4/4       
220      93.566195       10.830026       2492.00      4/4       
221      88.135662       10.646195       1872.00      4/4       
222      455.203926      10.134546       4590.00      4/4       
223      533.550751      9.744380        2694.00      4/4       
224      369.643562      9.664212        3690.00      4/4       
225      662.155960      9.809433        4032.00      4/4       
226      245.095821      11.395956       3517.00      4/4       
227      116.466225      11.609544       502.00       4/4       
228      112.655352      10.424467       1754.00      4/4       
229      142.092545      11.905823       1626.00      4/4       
230      185.884930      12.743155       1980.00      4/4       
231      137.207222      12.803263       1652.00      4/4       
232      144.313404      13.847960       2590.00      4/4       
233      95.936819       13.810755       602.00       4/4       
234      135.386635      14.283940       2736.00      4/4       
235      435.160767      11.428634       3571.00      4/4       
236      402.434914      12.313657       3094.00      4/4       
237      278.580467      11.938996       2890.00      4/4       
238      90.956335       13.750798       1107.00      4/4       
239      137.416275      12.246442       2180.00      4/4       
240      241.023857      11.696890       2719.00      4/4       
241      101.854189      10.559983       1904.00      4/4       
242      97.145790       10.730930       1627.00      4/4       
243      162.084255      10.460013       1682.00      4/4       
244      261.245758      9.986014        2697.00      4/4       
245      68.219269       10.027518       1159.00      4/4       
246      156.518349      13.382913       289.00       4/4       
247      196.123856      14.285862       2574.00      4/4       
248      123.600168      13.719872       1529.00      4/4       
249      124.628229      13.296843       973.00       4/4       
250      147.255646      12.302437       628.00       4/4       
251      139.717648      13.160606       548.00       4/4       
252      255.099339      12.276919       2003.00      4/4       
253      131.301836      12.690756       566.00       4/4       
254      155.131409      13.998433       2211.00      4/4       
255      157.593006      15.527029       652.00       4/4       
256      200.863930      17.739428       878.00       4/4       
257      171.907001      16.073273       596.00       4/4       
258      117.308609      14.778977       691.00       4/4       
259      271.203278      14.340697       -730.00      4/4       
260      157.616158      13.390701       878.00       4/4       
261      290.425438      10.730281       -1074.00     4/4       
262      120.767195      9.316632        630.00       4/4       
263      201.337719      7.912947        11.00        4/4       
264      107.530422      8.222360        334.00       4/4       
265      230.557774      9.116206        -557.00      4/4       
266      82.866858       10.461149       -43.00       4/4       
267      97.399397       12.488455       1321.00      4/4       
268      142.961964      12.897527       507.00       4/4       
269      147.771542      13.969156       327.00       4/4       
270      236.548954      12.978612       -697.00      4/4       
271      119.300926      11.739282       2092.00      4/4       
272      159.128216      14.866605       -653.00      4/4       
273      77.897072       14.043509       -242.00      4/4       
274      146.514801      14.966810       1356.00      4/4       
275      51.543241       12.709187       589.00       4/4       
276      73.539839       17.894241       1470.00      4/4       
277      89.693378       21.237646       -58.00       4/4       
278      78.864231       20.207655       1758.00      4/4       
279      87.978889       16.647654       1678.00      4/4       
280      75.415974       16.284561       1562.00      4/4       
281      164.979137      14.763160       2886.00      4/4       
282      63.333249       12.174942       1265.00      4/4       
283      264.829117      10.225942       2252.00      4/4       
284      177.792183      9.930182        1897.00      4/4       
285      236.756695      9.951477        2273.00      4/4       
286      275.205215      10.217946       2631.00      4/4       
287      117.490843      10.960557       1490.00      4/4       
288      332.905968      10.326518       988.00       4/4       
289      123.466400      10.865247       2735.00      4/4       
290      100.881491      11.150676       1450.00      4/4       
291      50.316726       10.644060       1455.00      4/4       
292      77.030561       10.803281       556.00       4/4       
293      139.120216      10.162395       -292.00      4/4       
294      43.199789       10.392100       797.00       4/4       
295      142.874725      9.007103        -31.00       4/4       
296      173.011494      16.703003       2088.00      4/4       
297      46.366196       19.177795       583.00       4/4       
298      46.323972       23.212152       107.00       4/4       
299      112.617523      23.707884       2077.00      4/4       
300      326.426483      23.813898       3412.00      4/4       
301      79.881546       22.556128       1720.00      4/4       
302      205.392025      19.882280       3396.00      4/4       
303      95.975290       16.884169       407.00       4/4       
304      33.126379       15.017528       372.00       4/4       
305      84.695488       15.134048       816.00       4/4       
306      114.738581      12.427879       759.00       4/4       
307      192.426914      11.545857       2291.00      4/4       
308      122.959450      13.877988       1117.00      4/4       
309      166.295303      12.904233       1701.00      4/4       
310      124.821516      11.484439       545.00       4/4       
311      73.303526       9.939440        2039.00      4/4       
312      138.281090      9.526258        381.00       4/4       
313      162.784863      8.860900        344.00       4/4       
314      260.862930      11.769595       -88.00       4/4       
315      221.761868      13.520263       1811.00      4/4       
316      112.837948      14.860779       376.00       4/4       
317      135.174477      15.224601       -781.00      4/4       
318      215.454746      13.288908       -1412.00     4/4       
319      225.958950      10.115378       -675.00      4/4       
320      178.696842      9.337878        -602.00      4/4       
321      232.595058      8.648046        -901.00      4/4       
322      144.994972      9.714151        228.00       4/4       
323      185.625084      10.899384       518.00       4/4       
324      252.238140      10.262508       -1252.00     4/4       
325      174.784576      12.243039       -267.00      4/4       
326      132.355547      14.605379       -1015.00     4/4       
327      204.871128      14.092647       -44.00       4/4       
328      249.788612      11.332317       -1507.00     4/4       
329      255.187191      19.776730       -1335.00     4/4       
330      200.853802      19.905121       -76.00       4/4       
331      256.931923      15.263736       -1602.00     4/4       
332      155.271236      11.770404       -214.00      4/4       
333      190.990448      12.271219       -542.00      4/4       
334      199.248627      11.427474       -623.00      4/4       
335      192.011280      11.365909       408.00       4/4       
336      218.424759      10.712625       -116.00      4/4       
337      100.313076      13.897913       858.00       4/4       
338      184.081936      12.071392       -1531.00     4/4       
339      153.235359      11.969814       480.00       4/4       
340      144.242027      12.470444       -1210.00     4/4       
341      123.654709      14.871758       -776.00      4/4       
342      176.339096      14.098923       566.00       4/4       
343      123.243137      17.900270       -385.00      4/4       
344      176.285465      18.578461       -1419.00     4/4       
345      176.224579      18.726044       237.00       4/4       
346      146.145317      18.650644       -125.00      4/4       
347      101.767500      19.871004       -802.00      4/4       
348      201.177284      18.686855       -1615.00     4/4       
349      201.537807      19.933596       -1452.00     4/4       
350      166.749321      19.723238       -1330.00     4/4       
351      150.244755      25.058025       -916.00      4/4       
352      171.062145      20.471716       -857.00      4/4       
353      155.085701      15.870037       93.00        4/4       
354      139.015186      12.602428       -27.00       4/4       
355      139.555855      12.413849       64.00        4/4       
356      141.082428      21.967651       -680.00      4/4       
357      144.236389      20.012886       349.00       4/4       
358      126.417839      18.744509       -950.00      4/4       
359      109.984755      17.032215       853.00       4/4       
360      124.856070      14.711782       448.00       4/4       
361      115.271656      12.038194       23.00        4/4       
362      87.155380       10.616674       -74.00       4/4       
363      104.353119      9.805782        -864.00      4/4       
364      72.766504       9.044745        96.00        4/4       
365      101.172434      9.733974        -476.00      4/4       
366      60.915261       12.709496       1533.00      4/4       
367      64.890344       12.437906       -424.00      4/4       
368      117.235979      13.463473       -993.00      4/4       
369      53.161371       14.645576       190.00       4/4       
370      56.076655       15.839437       -3.00        4/4       
371      108.144299      14.123989       -1395.00     4/4       
372      99.366096       17.251518       1902.00      4/4       
373      57.457863       17.881586       -438.00      4/4       
374      32.739913       14.865357       -473.00      4/4       
375      39.531926       22.888422       -329.00      4/4       
376      81.802727       25.332521       806.00       4/4       
377      63.030036       20.635937       687.00       4/4       
378      87.641773       16.512350       -563.00      4/4       
379      100.670687      23.838835       -1141.00     4/4       
380      52.034435       23.216150       710.00       4/4       
381      57.908473       17.649712       -659.00      4/4       
382      116.160852      16.824783       2256.00      4/4       
383      19.941064       21.053148       -522.00      4/4       
384      25.346929       23.868160       -659.00      4/4       
385      35.870925       24.382658       -605.00      4/4       
386      49.839213       25.065165       -568.00      4/4       
387      178.696144      21.186543       2410.00      4/4       
388      76.957952       20.440041       2059.00      4/4       
389      20.241640       20.063047       274.00       4/4       
390      36.886177       19.586964       -38.00       4/4       
391      31.941087       21.265745       692.00       4/4       
392      60.571621       21.591875       1878.00      4/4       
393      54.242116       15.108047       2031.00      4/4       
394      89.736933       15.151843       1446.00      4/4       
395      269.171837      15.127638       3086.00      4/4       
396      76.836838       12.737763       638.00       4/4       
397      43.372766       12.547920       317.00       4/4       
398      92.434824       12.747522       1505.00      4/4       
399      85.413971       13.065428       1253.00      4/4       
400      20.512973       11.358693       -321.00      4/4       
401      22.561172       13.349016       108.00       4/4       
402      85.600906       15.847755       1647.00      4/4       
403      239.801189      15.436762       2067.00      4/4       
404      43.884954       16.053967       1186.00      4/4       
405      66.518188       16.749401       963.00       4/4       
406      82.798883       13.462141       1115.00      4/4       
407      97.358616       12.575625       1476.00      4/4       
408      157.550907      13.641079       995.00       4/4       
409      137.639313      13.802752       1758.00      4/4       
410      52.691081       14.325505       513.00       4/4       
411      62.826449       13.350340       658.00       4/4       
412      184.043423      11.552156       1166.00      4/4       
413      178.082214      17.485371       2407.00      4/4       
414      139.252750      17.549641       2104.00      4/4       
415      150.729393      16.941162       901.00       4/4       
416      51.065310       17.787762       1330.00      4/4       
417      421.105782      17.718225       2987.00      4/4       
418      128.815485      12.105340       1693.00      4/4       
419      49.492653       11.444144       876.00       4/4       
420      232.741394      12.051071       2314.00      4/4       
421      51.900568       11.249024       1340.00      4/4       
422      15.459148       10.856100       18.00        4/4       
423      57.159276       8.906834        944.00       4/4       
424      50.701230       10.150902       441.00       4/4       
425      92.713678       9.339721        1999.00      4/4       
426      152.450268      14.052547       2225.00      4/4       
427      67.424616       14.745385       1363.00      4/4       
428      77.586409       14.244772       1763.00      4/4       
429      107.713821      13.762791       2330.00      4/4       
430      280.160622      12.814850       2469.00      4/4       
431      67.244097       11.771171       1592.00      4/4       
432      87.003372       10.862046       259.00       4/4       
433      102.628325      10.207042       1570.00      4/4       
434      93.236624       8.870028        1882.00      4/4       
435      76.644402       8.169338        1000.00      4/4       
436      264.438095      8.814327        2525.00      4/4       
437      107.719635      9.447207        1838.00      4/4       
438      44.466249       10.255287       447.00       4/4       
439      132.905235      12.176189       1295.00      4/4       
440      199.466927      13.546391       1870.00      4/4       
441      95.932213       16.736853       2055.00      4/4       
442      171.073746      15.457300       2274.00      4/4       
443      76.658880       12.036876       1336.00      4/4       
444      88.587154       15.424767       1566.00      4/4       
445      71.582882       15.331268       1869.00      4/4       
446      50.226325       13.339355       961.00       4/4       
447      76.006157       12.506852       1568.00      4/4       
448      57.795023       10.607168       1383.00      4/4       
449      35.158631       9.945192        288.00       4/4       
450      252.377579      9.500168        3160.00      4/4       
451      43.798359       7.754234        658.00       4/4       
452      30.748017       6.518365        944.00       4/4       
453      125.994013      12.425748       2647.00      4/4       
454      87.938324       12.905205       1869.00      4/4       
455      145.814613      12.503633       2537.00      4/4       
456      271.236511      12.643667       2498.00      4/4       
457      113.370392      14.190692       1984.00      4/4       
458      35.090594       8.399191        711.00       4/4       
459      56.987329       9.302402        -121.00      4/4       
460      206.998585      10.599624       2479.00      4/4       
461      131.642422      9.620945        1990.00      4/4       
462      213.184502      8.378601        3072.00      4/4       
463      59.271173       8.607953        1712.00      4/4       
464      142.047398      7.961510        2201.00      4/4       
465      102.951633      7.074850        2133.00      4/4       
466      78.201040       7.524469        777.00       4/4       
467      352.391258      8.847013        3218.00      4/4       
468      429.748077      11.156513       3028.00      4/4       
469      217.364162      12.975886       3163.00      4/4       
470      122.352713      13.834255       1814.00      4/4       
471      578.725571      14.354838       4171.00      4/4       
472      75.372709       13.661237       1334.00      4/4       
473      68.765018       12.338967       783.00       4/4       
474      78.789253       11.286619       1509.00      4/4       
475      66.495255       10.474593       1898.00      4/4       
476      137.745857      9.056053        1857.00      4/4       
477      23.246128       10.342725       922.00       4/4       
478      251.316021      9.061542        2954.00      4/4       
479      108.453255      9.140760        1693.00      4/4       
480      60.560334       8.999369        1030.00      4/4       
481      128.444159      9.470540        1801.00      4/4       
482      257.843979      8.935152        2446.00      4/4       
483      163.976681      10.197515       2242.00      4/4       
484      113.462860      10.889927       1820.00      4/4       
485      89.103727       10.971127       1910.00      4/4       
486      190.877857      12.139419       2196.00      4/4       
487      93.659210       13.301270       2052.00      4/4       
488      146.796295      13.184041       2729.00      4/4       
489      188.004761      13.074879       2747.00      4/4       
490      80.857830       12.255033       1439.00      4/4       
491      191.756130      10.947626       2613.00      4/4       
492      153.957111      10.003846       1263.00      4/4       
493      122.473957      10.882932       2064.00      4/4       
494      183.562248      10.049116       2415.00      4/4       
495      95.503557       9.423844        1987.00      4/4       
496      206.149788      10.706360       3183.00      4/4       
497      75.558771       9.895387        1737.00      4/4       
498      109.814112      10.223808       2034.00      4/4       
499      61.521409       13.774720       715.00       4/4       

================================================================================
STATISTICS
================================================================================

Total Loss Statistics:
  Mean: 170.036860
  Std:  119.260280
  Min:  15.459148
  Max:  952.794708

CPC Loss Statistics (epochs 10 to 499):
  Mean: 15.105925
  Std:  6.170055
  Min:  0.000000
  Max:  48.427223
  First (epoch 10): 0.000000
  Last (epoch 499): 13.774720

Reward Statistics:
  Mean: 1346.32
  Std:  1293.17
  Min:  -1615.00
  Max:  5440.00
